83483753
23764728
28268975
62754686
59955247
43949439
52732222
73457659
33748532
37295254
69448899
37795598
73652832
85982774
94869333
57387537
35678655
47754969
58532337
56437757
32596496
92733783
95442563
73282244
78849748
33273522
47274589
63723937
58523826
62948969
53999734
45754239
53622424
66334375
78242235
66525258
82287477
76637723
85596286
29586872
37679437
66495943
55649587
94646756
89664835
29895832
93637856
86654952
88842265
87367863
32732458
39247487
75664396
65234647
47255974
58669798
65474352
48237932
29535378
99943677
73627766
76366853
72662838
83328539
47733292
72744868
35592887
95994357
27859328
55869777
46435826
46594556
74296562
33784365
99554657
87722668
62748474
75667654
54799375
82933436
56853722
96495438
54542245
52594545
94255988
57328854
72486495
67399446
72442349
36822483
82732578
72323879
74389475
26644666
89739298
56426482
24372853
58875854
53295577
73739698